38
 1 6 4 6 26 28 10 2
 2 3 1 8 3
 1 4 2 9 7 4
 2 3 3 5 1
 1 6 4 7 13 16 22 6
 2 3 5 24 1
 2 3 3 11 5
 1 6 2 10 32 34 12 9
 2 3 8 11 3
 2 3 1 30 8
 1 6 9 12 19 14 13 7
 2 3 8 35 11
 2 3 11 15 5
 2 3 11 17 15
 1 4 14 18 16 13
 2 3 15 20 5
 1 6 14 19 36 37 21 18
 2 3 17 20 15
 2 3 11 35 17
 1 6 18 21 27 23 22 16
 2 3 17 38 20
 2 3 20 24 5
 2 3 20 25 24
 1 4 23 26 6 22
 1 6 23 27 33 29 28 26
 2 3 25 1 24
 2 3 20 38 25
 2 3 25 30 1
 2 3 25 31 30
 1 4 29 32 10 28
 1 6 29 33 37 36 34 32
 2 3 31 8 30
 2 3 25 38 31
 2 3 31 35 8
 1 4 34 36 19 12
 2 3 31 17 35
 2 3 31 38 17
 1 4 37 33 27 21
